190,5
190,4
190,3
190,2
190,1
190,0
189,5
189,4
189,3
189,2
189,1
189,0
188,5
188,4
188,3
188,2
188,1
188,0
187,5
187,4
187,3
187,2
187,1
187,0
186,5
186,4
186,3
186,2
186,1
186,0
185,5
185,4
185,3
185,2
185,1
185,0
184,5
184,4
184,3
184,2
184,1
184,0
183,5
183,4
183,3
183,2
183,1
183,0
182,5
182,4
182,3
182,2
182,1
182,0
181,5
181,4
181,3
181,2
181,1
181,0
180,5
180,4
180,3
180,2
180,1
180,0
179,5
179,4
179,3
179,2
179,1
179,0
178,4
178,3
178,2
178,1
178,0
177,6
177,5
177,4
177,3
177,2
177,1
177,0
176,4
176,3
176,2
176,1
176,0
175,5
175,4
175,3
175,2
175,1
175,0
174,3
174,2
174,1
174,0
173,5
173,4
173,3
173,2
173,1
173,0
172,3
172,2
172,1
172,0
171,5
171,4
171,3
171,2
171,1
171,0
170,3
170,2
170,1
170,0
169,4
169,3
169,2
169,1
169,0
168,3
168,2
168,1
168,0
167,3
167,2
167,1
167,0
166,5
166,4
166,3
166,2
166,1
166,0
165,5
165,4
165,3
165,2
165,1
165,0
164,5
164,4
164,3
164,2
164,1
164,0
163,5
163,4
163,3
163,2
163,1
163,0
162,5
162,4
162,3
162,2
162,1
162,0
161,5
161,4
161,3
161,2
161,1
161,0
160,5
160,4
160,3
160,2
160,1
160,0
158,5
158,4
158,3
158,2
158,1
158,0
156,5
156,4
156,3
156,2
156,1
156,0
154,4
154,3
154,2
154,1
154,0
153,6
153,5
153,4
153,3
153,2
153,1
153,0
152,4
152,3
152,2
152,1
152,0
150,3
150,2
150,1
150,0
148,3
148,2
148,1
148,0
146,3
146,2
146,1
146,0
144,3
144,2
144,1
144,0
143,3
143,2
143,1
143,0
7,3
5,3
4,3
3,2
2,2
1,2
0,9
1,45
3,44
2,44
1,44
3,43
2,43
1,43
3,42
2,42
1,42
3,41
2,41
1,41
3,40
2,40
1,40
3,39
2,39
1,39
3,38
2,38
1,38
3,37
2,37
1,37
3,36
2,36
1,36
3,35
2,35
1,35
3,34
2,34
1,34
3,33
2,33
1,33
3,32
2,32
1,32
3,31
2,31
1,31
3,30
2,30
1,30
3,29
2,29
1,29
3,28
2,28
1,28
3,27
2,27
1,27
3,26
2,26
1,26
3,25
2,25
1,25
3,24
2,24
1,24
3,23
2,23
1,23
3,22
2,22
1,22
3,21
2,21
1,21
3,20
2,20
1,20
3,19
2,19
1,19
3,18
2,18
1,18
3,17
2,17
1,17
3,16
2,16
1,16
3,15
2,15
1,15
3,14
2,14
1,14
3,13
2,13
1,13
3,12
2,12
1,12
3,11
2,11
1,11
3,10
2,10
1,10
3,9
2,9
1,9
3,8
2,8
1,8
3,7
2,7
1,7
3,6
2,6
1,6
3,5
2,5
1,5
3,4
2,4
1,4
3,3
3,0
2,3
2,0
1,3
1,0
0,6
0,0
0,47
0,46
0,49
0,48
0,45
0,12
0,10
0,8
0,11
0,5
0,7
0,4
0,3
